1	1	0.5	4.5	4.0	9
2	2	0.5	4.0	3.5	8
3	3	1.0	4.0	4.0	9
4	4	0.5	3.5	3.0	7
5	5	1.0	4.0	4.0	9
6	6	1.0	3.5	3.5	8
7	7	1.5	3.5	4.0	9
8	8	0.5	3.0	2.5	6
9	9	1.0	4.0	4.0	9
10	10	1.0	3.5	3.5	8
11	11	1.5	3.5	4.0	9
12	12	1.0	3.0	3.0	7
13	13	1.5	3.5	4.0	9
14	14	1.5	3.0	3.5	8
15	15	2.0	3.0	4.0	9
16	16	0.5	2.5	2.0	5
17	17	1.0	4.0	4.0	9
18	18	1.0	3.5	3.5	8
19	19	1.5	3.5	4.0	9
20	20	1.0	3.0	3.0	7
21	21	1.5	3.5	4.0	9
22	22	1.5	3.0	3.5	8
23	23	2.0	3.0	4.0	9
24	24	1.0	2.5	2.5	6
25	25	1.5	3.5	4.0	9
26	26	1.5	3.0	3.5	8
27	27	2.0	3.0	4.0	9
28	28	1.5	2.5	3.0	7
29	29	2.0	3.0	4.0	9
30	30	2.0	2.5	3.5	8
31	31	2.5	2.5	4.0	9
32	32	0.5	2.0	1.5	4
33	33	1.0	4.0	4.0	9
34	34	1.0	3.5	3.5	8
35	35	1.5	3.5	4.0	9
36	36	1.0	3.0	3.0	7
37	37	1.5	3.5	4.0	9
38	38	1.5	3.0	3.5	8
39	39	2.0	3.0	4.0	9
40	40	1.0	2.5	2.5	6
41	41	1.5	3.5	4.0	9
42	42	1.5	3.0	3.5	8
43	43	2.0	3.0	4.0	9
44	44	1.5	2.5	3.0	7
45	45	2.0	3.0	4.0	9
46	46	2.0	2.5	3.5	8
47	47	2.5	2.5	4.0	9
48	48	1.0	2.0	2.0	5
49	49	1.5	3.5	4.0	9
50	50	1.5	3.0	3.5	8
51	51	2.0	3.0	4.0	9
52	52	1.5	2.5	3.0	7
53	53	2.0	3.0	4.0	9
54	54	2.0	2.5	3.5	8
55	55	2.5	2.5	4.0	9
56	56	1.5	2.0	2.5	6
57	57	2.0	3.0	4.0	9
58	58	2.0	2.5	3.5	8
59	59	2.5	2.5	4.0	9
60	60	2.0	2.0	3.0	7
61	61	2.5	2.5	4.0	9
62	62	2.5	2.0	3.5	8
63	63	3.0	2.0	4.0	9
64	64	0.5	1.5	1.0	3
65	65	1.0	4.0	4.0	9
66	66	1.0	3.5	3.5	8
67	67	1.5	3.5	4.0	9
68	68	1.0	3.0	3.0	7
69	69	1.5	3.5	4.0	9
70	70	1.5	3.0	3.5	8
71	71	2.0	3.0	4.0	9
72	72	1.0	2.5	2.5	6
73	73	1.5	3.5	4.0	9
74	74	1.5	3.0	3.5	8
75	75	2.0	3.0	4.0	9
76	76	1.5	2.5	3.0	7
77	77	2.0	3.0	4.0	9
78	78	2.0	2.5	3.5	8
79	79	2.5	2.5	4.0	9
80	80	1.0	2.0	2.0	5
81	81	1.5	3.5	4.0	9
82	82	1.5	3.0	3.5	8
83	83	2.0	3.0	4.0	9
84	84	1.5	2.5	3.0	7
85	85	2.0	3.0	4.0	9
86	86	2.0	2.5	3.5	8
87	87	2.5	2.5	4.0	9
88	88	1.5	2.0	2.5	6
89	89	2.0	3.0	4.0	9
90	90	2.0	2.5	3.5	8
91	91	2.5	2.5	4.0	9
92	92	2.0	2.0	3.0	7
93	93	2.5	2.5	4.0	9
94	94	2.5	2.0	3.5	8
95	95	3.0	2.0	4.0	9
96	96	1.0	1.5	1.5	4
97	97	1.5	3.5	4.0	9
98	98	1.5	3.0	3.5	8
99	99	2.0	3.0	4.0	9
100	100	1.5	2.5	3.0	7
101	101	2.0	3.0	4.0	9
102	102	2.0	2.5	3.5	8
103	103	2.5	2.5	4.0	9
104	104	1.5	2.0	2.5	6
105	105	2.0	3.0	4.0	9
106	106	2.0	2.5	3.5	8
107	107	2.5	2.5	4.0	9
108	108	2.0	2.0	3.0	7
109	109	2.5	2.5	4.0	9
110	110	2.5	2.0	3.5	8
111	111	3.0	2.0	4.0	9
112	112	1.5	1.5	2.0	5
113	113	2.0	3.0	4.0	9
114	114	2.0	2.5	3.5	8
115	115	2.5	2.5	4.0	9
116	116	2.0	2.0	3.0	7
117	117	2.5	2.5	4.0	9
118	118	2.5	2.0	3.5	8
119	119	3.0	2.0	4.0	9
120	120	2.0	1.5	2.5	6
121	121	2.5	2.5	4.0	9
122	122	2.5	2.0	3.5	8
123	123	3.0	2.0	4.0	9
124	124	2.5	1.5	3.0	7
125	125	3.0	2.0	4.0	9
126	126	3.0	1.5	3.5	8
127	127	3.5	1.5	4.0	9
128	128	0.5	1.0	0.5	2
129	129	1.0	4.0	4.0	9
130	130	1.0	3.5	3.5	8
131	131	1.5	3.5	4.0	9
132	132	1.0	3.0	3.0	7
133	133	1.5	3.5	4.0	9
134	134	1.5	3.0	3.5	8
135	135	2.0	3.0	4.0	9
136	136	1.0	2.5	2.5	6
137	137	1.5	3.5	4.0	9
138	138	1.5	3.0	3.5	8
139	139	2.0	3.0	4.0	9
140	140	1.5	2.5	3.0	7
141	141	2.0	3.0	4.0	9
142	142	2.0	2.5	3.5	8
143	143	2.5	2.5	4.0	9
144	144	1.0	2.0	2.0	5
145	145	1.5	3.5	4.0	9
146	146	1.5	3.0	3.5	8
147	147	2.0	3.0	4.0	9
148	148	1.5	2.5	3.0	7
149	149	2.0	3.0	4.0	9
150	150	2.0	2.5	3.5	8
151	151	2.5	2.5	4.0	9
152	152	1.5	2.0	2.5	6
153	153	2.0	3.0	4.0	9
154	154	2.0	2.5	3.5	8
155	155	2.5	2.5	4.0	9
156	156	2.0	2.0	3.0	7
157	157	2.5	2.5	4.0	9
158	158	2.5	2.0	3.5	8
159	159	3.0	2.0	4.0	9
160	160	1.0	1.5	1.5	4
161	161	1.5	3.5	4.0	9
162	162	1.5	3.0	3.5	8
163	163	2.0	3.0	4.0	9
164	164	1.5	2.5	3.0	7
165	165	2.0	3.0	4.0	9
166	166	2.0	2.5	3.5	8
167	167	2.5	2.5	4.0	9
168	168	1.5	2.0	2.5	6
169	169	2.0	3.0	4.0	9
170	170	2.0	2.5	3.5	8
171	171	2.5	2.5	4.0	9
172	172	2.0	2.0	3.0	7
173	173	2.5	2.5	4.0	9
174	174	2.5	2.0	3.5	8
175	175	3.0	2.0	4.0	9
176	176	1.5	1.5	2.0	5
177	177	2.0	3.0	4.0	9
178	178	2.0	2.5	3.5	8
179	179	2.5	2.5	4.0	9
180	180	2.0	2.0	3.0	7
181	181	2.5	2.5	4.0	9
182	182	2.5	2.0	3.5	8
183	183	3.0	2.0	4.0	9
184	184	2.0	1.5	2.5	6
185	185	2.5	2.5	4.0	9
186	186	2.5	2.0	3.5	8
187	187	3.0	2.0	4.0	9
188	188	2.5	1.5	3.0	7
189	189	3.0	2.0	4.0	9
190	190	3.0	1.5	3.5	8
191	191	3.5	1.5	4.0	9
192	192	1.0	1.0	1.0	3
193	193	1.5	3.5	4.0	9
194	194	1.5	3.0	3.5	8
195	195	2.0	3.0	4.0	9
196	196	1.5	2.5	3.0	7
197	197	2.0	3.0	4.0	9
198	198	2.0	2.5	3.5	8
199	199	2.5	2.5	4.0	9
200	200	1.5	2.0	2.5	6
201	201	2.0	3.0	4.0	9
202	202	2.0	2.5	3.5	8
203	203	2.5	2.5	4.0	9
204	204	2.0	2.0	3.0	7
205	205	2.5	2.5	4.0	9
206	206	2.5	2.0	3.5	8
207	207	3.0	2.0	4.0	9
208	208	1.5	1.5	2.0	5
209	209	2.0	3.0	4.0	9
210	210	2.0	2.5	3.5	8
211	211	2.5	2.5	4.0	9
212	212	2.0	2.0	3.0	7
213	213	2.5	2.5	4.0	9
214	214	2.5	2.0	3.5	8
215	215	3.0	2.0	4.0	9
216	216	2.0	1.5	2.5	6
217	217	2.5	2.5	4.0	9
218	218	2.5	2.0	3.5	8
219	219	3.0	2.0	4.0	9
220	220	2.5	1.5	3.0	7
221	221	3.0	2.0	4.0	9
222	222	3.0	1.5	3.5	8
223	223	3.5	1.5	4.0	9
224	224	1.5	1.0	1.5	4
225	225	2.0	3.0	4.0	9
226	226	2.0	2.5	3.5	8
227	227	2.5	2.5	4.0	9
228	228	2.0	2.0	3.0	7
229	229	2.5	2.5	4.0	9
230	230	2.5	2.0	3.5	8
231	231	3.0	2.0	4.0	9
232	232	2.0	1.5	2.5	6
233	233	2.5	2.5	4.0	9
234	234	2.5	2.0	3.5	8
235	235	3.0	2.0	4.0	9
236	236	2.5	1.5	3.0	7
237	237	3.0	2.0	4.0	9
238	238	3.0	1.5	3.5	8
239	239	3.5	1.5	4.0	9
240	240	2.0	1.0	2.0	5
241	241	2.5	2.5	4.0	9
242	242	2.5	2.0	3.5	8
243	243	3.0	2.0	4.0	9
244	244	2.5	1.5	3.0	7
245	245	3.0	2.0	4.0	9
246	246	3.0	1.5	3.5	8
247	247	3.5	1.5	4.0	9
248	248	2.5	1.0	2.5	6
249	249	3.0	2.0	4.0	9
250	250	3.0	1.5	3.5	8
251	251	3.5	1.5	4.0	9
252	252	3.0	1.0	3.0	7
253	253	3.5	1.5	4.0	9
254	254	3.5	1.0	3.5	8
255	255	4.0	1.0	4.0	9
256	256	0.5	0.5	0.0	1
257	257	1.0	4.0	4.0	9
258	258	1.0	3.5	3.5	8
259	259	1.5	3.5	4.0	9
260	260	1.0	3.0	3.0	7
261	261	1.5	3.5	4.0	9
262	262	1.5	3.0	3.5	8
263	263	2.0	3.0	4.0	9
264	264	1.0	2.5	2.5	6
265	265	1.5	3.5	4.0	9
266	266	1.5	3.0	3.5	8
267	267	2.0	3.0	4.0	9
268	268	1.5	2.5	3.0	7
269	269	2.0	3.0	4.0	9
270	270	2.0	2.5	3.5	8
271	271	2.5	2.5	4.0	9
272	272	1.0	2.0	2.0	5
273	273	1.5	3.5	4.0	9
274	274	1.5	3.0	3.5	8
275	275	2.0	3.0	4.0	9
276	276	1.5	2.5	3.0	7
277	277	2.0	3.0	4.0	9
278	278	2.0	2.5	3.5	8
279	279	2.5	2.5	4.0	9
280	280	1.5	2.0	2.5	6
281	281	2.0	3.0	4.0	9
282	282	2.0	2.5	3.5	8
283	283	2.5	2.5	4.0	9
284	284	2.0	2.0	3.0	7
285	285	2.5	2.5	4.0	9
286	286	2.5	2.0	3.5	8
287	287	3.0	2.0	4.0	9
288	288	1.0	1.5	1.5	4
289	289	1.5	3.5	4.0	9
290	290	1.5	3.0	3.5	8
291	291	2.0	3.0	4.0	9
292	292	1.5	2.5	3.0	7
293	293	2.0	3.0	4.0	9
294	294	2.0	2.5	3.5	8
295	295	2.5	2.5	4.0	9
296	296	1.5	2.0	2.5	6
297	297	2.0	3.0	4.0	9
298	298	2.0	2.5	3.5	8
299	299	2.5	2.5	4.0	9
300	300	2.0	2.0	3.0	7
301	301	2.5	2.5	4.0	9
302	302	2.5	2.0	3.5	8
303	303	3.0	2.0	4.0	9
304	304	1.5	1.5	2.0	5
305	305	2.0	3.0	4.0	9
306	306	2.0	2.5	3.5	8
307	307	2.5	2.5	4.0	9
308	308	2.0	2.0	3.0	7
309	309	2.5	2.5	4.0	9
310	310	2.5	2.0	3.5	8
311	311	3.0	2.0	4.0	9
312	312	2.0	1.5	2.5	6
313	313	2.5	2.5	4.0	9
314	314	2.5	2.0	3.5	8
315	315	3.0	2.0	4.0	9
316	316	2.5	1.5	3.0	7
317	317	3.0	2.0	4.0	9
318	318	3.0	1.5	3.5	8
319	319	3.5	1.5	4.0	9
320	320	1.0	1.0	1.0	3
321	321	1.5	3.5	4.0	9
322	322	1.5	3.0	3.5	8
323	323	2.0	3.0	4.0	9
324	324	1.5	2.5	3.0	7
325	325	2.0	3.0	4.0	9
326	326	2.0	2.5	3.5	8
327	327	2.5	2.5	4.0	9
328	328	1.5	2.0	2.5	6
329	329	2.0	3.0	4.0	9
330	330	2.0	2.5	3.5	8
331	331	2.5	2.5	4.0	9
332	332	2.0	2.0	3.0	7
333	333	2.5	2.5	4.0	9
334	334	2.5	2.0	3.5	8
335	335	3.0	2.0	4.0	9
336	336	1.5	1.5	2.0	5
337	337	2.0	3.0	4.0	9
338	338	2.0	2.5	3.5	8
339	339	2.5	2.5	4.0	9
340	340	2.0	2.0	3.0	7
341	341	2.5	2.5	4.0	9
342	342	2.5	2.0	3.5	8
343	343	3.0	2.0	4.0	9
344	344	2.0	1.5	2.5	6
345	345	2.5	2.5	4.0	9
346	346	2.5	2.0	3.5	8
347	347	3.0	2.0	4.0	9
348	348	2.5	1.5	3.0	7
349	349	3.0	2.0	4.0	9
350	350	3.0	1.5	3.5	8
351	351	3.5	1.5	4.0	9
352	352	1.5	1.0	1.5	4
353	353	2.0	3.0	4.0	9
354	354	2.0	2.5	3.5	8
355	355	2.5	2.5	4.0	9
356	356	2.0	2.0	3.0	7
357	357	2.5	2.5	4.0	9
358	358	2.5	2.0	3.5	8
359	359	3.0	2.0	4.0	9
360	360	2.0	1.5	2.5	6
361	361	2.5	2.5	4.0	9
362	362	2.5	2.0	3.5	8
363	363	3.0	2.0	4.0	9
364	364	2.5	1.5	3.0	7
365	365	3.0	2.0	4.0	9
366	366	3.0	1.5	3.5	8
367	367	3.5	1.5	4.0	9
368	368	2.0	1.0	2.0	5
369	369	2.5	2.5	4.0	9
370	370	2.5	2.0	3.5	8
371	371	3.0	2.0	4.0	9
372	372	2.5	1.5	3.0	7
373	373	3.0	2.0	4.0	9
374	374	3.0	1.5	3.5	8
375	375	3.5	1.5	4.0	9
376	376	2.5	1.0	2.5	6
377	377	3.0	2.0	4.0	9
378	378	3.0	1.5	3.5	8
379	379	3.5	1.5	4.0	9
380	380	3.0	1.0	3.0	7
381	381	3.5	1.5	4.0	9
382	382	3.5	1.0	3.5	8
383	383	4.0	1.0	4.0	9
384	384	1.0	0.5	0.5	2
385	385	1.5	3.5	4.0	9
386	386	1.5	3.0	3.5	8
387	387	2.0	3.0	4.0	9
388	388	1.5	2.5	3.0	7
389	389	2.0	3.0	4.0	9
390	390	2.0	2.5	3.5	8
391	391	2.5	2.5	4.0	9
392	392	1.5	2.0	2.5	6
393	393	2.0	3.0	4.0	9
394	394	2.0	2.5	3.5	8
395	395	2.5	2.5	4.0	9
396	396	2.0	2.0	3.0	7
397	397	2.5	2.5	4.0	9
398	398	2.5	2.0	3.5	8
399	399	3.0	2.0	4.0	9
400	400	1.5	1.5	2.0	5
401	401	2.0	3.0	4.0	9
402	402	2.0	2.5	3.5	8
403	403	2.5	2.5	4.0	9
404	404	2.0	2.0	3.0	7
405	405	2.5	2.5	4.0	9
406	406	2.5	2.0	3.5	8
407	407	3.0	2.0	4.0	9
408	408	2.0	1.5	2.5	6
409	409	2.5	2.5	4.0	9
410	410	2.5	2.0	3.5	8
411	411	3.0	2.0	4.0	9
412	412	2.5	1.5	3.0	7
413	413	3.0	2.0	4.0	9
414	414	3.0	1.5	3.5	8
415	415	3.5	1.5	4.0	9
416	416	1.5	1.0	1.5	4
417	417	2.0	3.0	4.0	9
418	418	2.0	2.5	3.5	8
419	419	2.5	2.5	4.0	9
420	420	2.0	2.0	3.0	7
421	421	2.5	2.5	4.0	9
422	422	2.5	2.0	3.5	8
423	423	3.0	2.0	4.0	9
424	424	2.0	1.5	2.5	6
425	425	2.5	2.5	4.0	9
426	426	2.5	2.0	3.5	8
427	427	3.0	2.0	4.0	9
428	428	2.5	1.5	3.0	7
429	429	3.0	2.0	4.0	9
430	430	3.0	1.5	3.5	8
431	431	3.5	1.5	4.0	9
432	432	2.0	1.0	2.0	5
433	433	2.5	2.5	4.0	9
434	434	2.5	2.0	3.5	8
435	435	3.0	2.0	4.0	9
436	436	2.5	1.5	3.0	7
437	437	3.0	2.0	4.0	9
438	438	3.0	1.5	3.5	8
439	439	3.5	1.5	4.0	9
440	440	2.5	1.0	2.5	6
441	441	3.0	2.0	4.0	9
442	442	3.0	1.5	3.5	8
443	443	3.5	1.5	4.0	9
444	444	3.0	1.0	3.0	7
445	445	3.5	1.5	4.0	9
446	446	3.5	1.0	3.5	8
447	447	4.0	1.0	4.0	9
448	448	1.5	0.5	1.0	3
449	449	2.0	3.0	4.0	9
450	450	2.0	2.5	3.5	8
451	451	2.5	2.5	4.0	9
452	452	2.0	2.0	3.0	7
453	453	2.5	2.5	4.0	9
454	454	2.5	2.0	3.5	8
455	455	3.0	2.0	4.0	9
456	456	2.0	1.5	2.5	6
457	457	2.5	2.5	4.0	9
458	458	2.5	2.0	3.5	8
459	459	3.0	2.0	4.0	9
460	460	2.5	1.5	3.0	7
461	461	3.0	2.0	4.0	9
462	462	3.0	1.5	3.5	8
463	463	3.5	1.5	4.0	9
464	464	2.0	1.0	2.0	5
465	465	2.5	2.5	4.0	9
466	466	2.5	2.0	3.5	8
467	467	3.0	2.0	4.0	9
468	468	2.5	1.5	3.0	7
469	469	3.0	2.0	4.0	9
470	470	3.0	1.5	3.5	8
471	471	3.5	1.5	4.0	9
472	472	2.5	1.0	2.5	6
473	473	3.0	2.0	4.0	9
474	474	3.0	1.5	3.5	8
475	475	3.5	1.5	4.0	9
476	476	3.0	1.0	3.0	7
477	477	3.5	1.5	4.0	9
478	478	3.5	1.0	3.5	8
479	479	4.0	1.0	4.0	9
480	480	2.0	0.5	1.5	4
481	481	2.5	2.5	4.0	9
482	482	2.5	2.0	3.5	8
483	483	3.0	2.0	4.0	9
484	484	2.5	1.5	3.0	7
485	485	3.0	2.0	4.0	9
486	486	3.0	1.5	3.5	8
487	487	3.5	1.5	4.0	9
488	488	2.5	1.0	2.5	6
489	489	3.0	2.0	4.0	9
490	490	3.0	1.5	3.5	8
491	491	3.5	1.5	4.0	9
492	492	3.0	1.0	3.0	7
493	493	3.5	1.5	4.0	9
494	494	3.5	1.0	3.5	8
495	495	4.0	1.0	4.0	9
496	496	2.5	0.5	2.0	5
497	497	3.0	2.0	4.0	9
498	498	3.0	1.5	3.5	8
499	499	3.5	1.5	4.0	9
500	500	3.0	1.0	3.0	7
501	501	3.5	1.5	4.0	9
502	502	3.5	1.0	3.5	8
503	503	4.0	1.0	4.0	9
504	504	3.0	0.5	2.5	6
505	505	3.5	1.5	4.0	9
506	506	3.5	1.0	3.5	8
507	507	4.0	1.0	4.0	9
508	508	3.5	0.5	3.0	7
509	509	4.0	1.0	4.0	9
510	510	4.0	0.5	3.5	8
511	511	4.5	0.5	4.0	9
