1	1 1 30	6	NA	5	5
2	1 2 29	6	NA	5	5
3	1 3 28	6	NA	5	5
4	1 4 27	6	NA	5	5
5	1 5 26	6	NA	5	5
6	1 6 25	6	NA	5	5
7	1 7 24	6	NA	5	5
8	1 8 23	6	NA	5	5
9	1 9 22	6	NA	5	5
10	1 10 21	6	NA	5	5
11	1 11 20	6	NA	5	5
12	1 12 19	6	NA	5	5
13	1 13 18	6	NA	5	5
14	1 14 17	6	NA	5	5
15	1 15 16	6	NA	5	5
16	1 16 15	6	NA	5	5
17	1 17 14	6	NA	5	5
18	1 18 13	6	NA	5	5
19	1 19 12	6	NA	5	5
20	1 20 11	6	NA	5	5
21	1 21 10	6	NA	5	5
22	1 22 9	6	NA	5	5
23	1 23 8	6	NA	5	5
24	1 24 7	6	NA	5	5
25	1 25 6	6	NA	5	5
26	1 26 5	6	NA	5	5
27	1 27 4	6	NA	5	5
28	1 28 3	6	NA	5	5
29	1 29 2	6	NA	5	5
30	1 30 1	6	NA	5	5
31	2 1 29	6	NA	5	5
32	2 2 28	5	NA	4	4
33	2 3 27	5	NA	4	5
34	2 4 26	5	NA	4	4
35	2 5 25	6	NA	5	5
36	2 6 24	5	NA	4	4
37	2 7 23	6	NA	5	6
38	2 8 22	5	NA	4	4
39	2 9 21	6	NA	5	5
40	2 10 20	5	NA	4	4
41	2 11 19	5	NA	4	5
42	2 12 18	5	NA	4	4
43	2 13 17	6	NA	5	5
44	2 14 16	5	NA	4	4
45	2 15 15	5	NA	4	6
46	2 16 14	5	NA	4	4
47	2 17 13	6	NA	5	5
48	2 18 12	5	NA	4	4
49	2 19 11	5	NA	4	5
50	2 20 10	5	NA	4	4
51	2 21 9	6	NA	5	5
52	2 22 8	5	NA	4	4
53	2 23 7	6	NA	5	6
54	2 24 6	5	NA	4	4
55	2 25 5	6	NA	5	5
56	2 26 4	5	NA	4	4
57	2 27 3	5	NA	4	5
58	2 28 2	5	NA	4	4
59	2 29 1	6	NA	5	5
60	3 1 28	6	NA	5	5
61	3 2 27	5	NA	4	5
62	3 3 26	5	NA	4	5
63	3 4 25	6	NA	5	5
64	3 5 24	6	NA	5	5
65	3 6 23	5	NA	4	5
66	3 7 22	5	NA	4	5
67	3 8 21	6	NA	5	5
68	3 9 20	6	NA	5	5
69	3 10 19	5	NA	4	5
70	3 11 18	5	NA	4	5
71	3 12 17	6	NA	5	5
72	3 13 16	6	NA	5	5
73	3 14 15	5	NA	4	6
74	3 15 14	5	NA	4	6
75	3 16 13	6	NA	5	5
76	3 17 12	6	NA	5	5
77	3 18 11	5	NA	4	5
78	3 19 10	5	NA	4	5
79	3 20 9	6	NA	5	5
80	3 21 8	6	NA	5	5
81	3 22 7	5	NA	4	5
82	3 23 6	5	NA	4	5
83	3 24 5	6	NA	5	5
84	3 25 4	6	NA	5	5
85	3 26 3	5	NA	4	5
86	3 27 2	5	NA	4	5
87	3 28 1	6	NA	5	5
88	4 1 27	6	NA	5	5
89	4 2 26	5	NA	4	4
90	4 3 25	6	NA	5	5
91	4 4 24	4	NA	3	3
92	4 5 23	5	NA	4	5
93	4 6 22	4	NA	3	4
94	4 7 21	5	NA	4	5
95	4 8 20	4	NA	3	3
96	4 9 19	6	NA	5	5
97	4 10 18	5	NA	4	4
98	4 11 17	6	NA	5	5
99	4 12 16	4	NA	3	3
100	4 13 15	5	NA	4	5
101	4 14 14	5	NA	4	5
102	4 15 13	5	NA	4	5
103	4 16 12	4	NA	3	3
104	4 17 11	6	NA	5	5
105	4 18 10	5	NA	4	4
106	4 19 9	6	NA	5	5
107	4 20 8	4	NA	3	3
108	4 21 7	5	NA	4	5
109	4 22 6	4	NA	3	4
110	4 23 5	5	NA	4	5
111	4 24 4	4	NA	3	3
112	4 25 3	6	NA	5	5
113	4 26 2	5	NA	4	4
114	4 27 1	6	NA	5	5
115	5 1 26	6	NA	5	5
116	5 2 25	6	NA	5	5
117	5 3 24	6	NA	5	5
118	5 4 23	5	NA	4	5
119	5 5 22	5	NA	4	5
120	5 6 21	5	NA	4	5
121	5 7 20	5	NA	4	5
122	5 8 19	6	NA	5	5
123	5 9 18	6	NA	5	5
124	5 10 17	6	NA	5	5
125	5 11 16	6	NA	5	5
126	5 12 15	5	NA	4	5
127	5 13 14	5	NA	4	5
128	5 14 13	5	NA	4	5
129	5 15 12	5	NA	4	5
130	5 16 11	6	NA	5	5
131	5 17 10	6	NA	5	5
132	5 18 9	6	NA	5	5
133	5 19 8	6	NA	5	5
134	5 20 7	5	NA	4	5
135	5 21 6	5	NA	4	5
136	5 22 5	5	NA	4	5
137	5 23 4	5	NA	4	5
138	5 24 3	6	NA	5	5
139	5 25 2	6	NA	5	5
140	5 26 1	6	NA	5	5
141	6 1 25	6	NA	5	5
142	6 2 24	5	NA	4	4
143	6 3 23	5	NA	4	5
144	6 4 22	4	NA	3	4
145	6 5 21	5	NA	4	5
146	6 6 20	4	NA	3	4
147	6 7 19	5	NA	4	5
148	6 8 18	5	NA	4	4
149	6 9 17	6	NA	5	5
150	6 10 16	5	NA	4	4
151	6 11 15	5	NA	4	5
152	6 12 14	4	NA	3	4
153	6 13 13	6	NA	5	6
154	6 14 12	4	NA	3	4
155	6 15 11	5	NA	4	5
156	6 16 10	5	NA	4	4
157	6 17 9	6	NA	5	5
158	6 18 8	5	NA	4	4
159	6 19 7	5	NA	4	5
160	6 20 6	4	NA	3	4
161	6 21 5	5	NA	4	5
162	6 22 4	4	NA	3	4
163	6 23 3	5	NA	4	5
164	6 24 2	5	NA	4	4
165	6 25 1	6	NA	5	5
166	7 1 24	6	NA	5	5
167	7 2 23	6	NA	5	6
168	7 3 22	5	NA	4	5
169	7 4 21	5	NA	4	5
170	7 5 20	5	NA	4	5
171	7 6 19	5	NA	4	5
172	7 7 18	6	NA	5	6
173	7 8 17	6	NA	5	5
174	7 9 16	6	NA	5	5
175	7 10 15	7	NA	6	7
176	7 11 14	6	NA	5	6
177	7 12 13	6	NA	5	6
178	7 13 12	6	NA	5	6
179	7 14 11	6	NA	5	6
180	7 15 10	7	NA	6	7
181	7 16 9	6	NA	5	5
182	7 17 8	6	NA	5	5
183	7 18 7	6	NA	5	6
184	7 19 6	5	NA	4	5
185	7 20 5	5	NA	4	5
186	7 21 4	5	NA	4	5
187	7 22 3	5	NA	4	5
188	7 23 2	6	NA	5	6
189	7 24 1	6	NA	5	5
190	8 1 23	6	NA	5	5
191	8 2 22	5	NA	4	4
192	8 3 21	6	NA	5	5
193	8 4 20	4	NA	3	3
194	8 5 19	6	NA	5	5
195	8 6 18	5	NA	4	4
196	8 7 17	6	NA	5	5
197	8 8 16	3	NA	2	2
198	8 9 15	5	NA	4	5
199	8 10 14	4	NA	3	4
200	8 11 13	5	NA	4	5
201	8 12 12	3	NA	2	3
202	8 13 11	5	NA	4	5
203	8 14 10	4	NA	3	4
204	8 15 9	5	NA	4	5
205	8 16 8	3	NA	2	2
206	8 17 7	6	NA	5	5
207	8 18 6	5	NA	4	4
208	8 19 5	6	NA	5	5
209	8 20 4	4	NA	3	3
210	8 21 3	6	NA	5	5
211	8 22 2	5	NA	4	4
212	8 23 1	6	NA	5	5
213	9 1 22	6	NA	5	5
214	9 2 21	6	NA	5	5
215	9 3 20	6	NA	5	5
216	9 4 19	6	NA	5	5
217	9 5 18	6	NA	5	5
218	9 6 17	6	NA	5	5
219	9 7 16	6	NA	5	5
220	9 8 15	5	NA	4	5
221	9 9 14	5	NA	4	5
222	9 10 13	5	NA	4	5
223	9 11 12	5	NA	4	5
224	9 12 11	5	NA	4	5
225	9 13 10	5	NA	4	5
226	9 14 9	5	NA	4	5
227	9 15 8	5	NA	4	5
228	9 16 7	6	NA	5	5
229	9 17 6	6	NA	5	5
230	9 18 5	6	NA	5	5
231	9 19 4	6	NA	5	5
232	9 20 3	6	NA	5	5
233	9 21 2	6	NA	5	5
234	9 22 1	6	NA	5	5
235	10 1 21	6	NA	5	5
236	10 2 20	5	NA	4	4
237	10 3 19	5	NA	4	5
238	10 4 18	5	NA	4	4
239	10 5 17	6	NA	5	5
240	10 6 16	5	NA	4	4
241	10 7 15	7	NA	6	7
242	10 8 14	4	NA	3	4
243	10 9 13	5	NA	4	5
244	10 10 12	4	NA	3	4
245	10 11 11	6	NA	5	6
246	10 12 10	4	NA	3	4
247	10 13 9	5	NA	4	5
248	10 14 8	4	NA	3	4
249	10 15 7	7	NA	6	7
250	10 16 6	5	NA	4	4
251	10 17 5	6	NA	5	5
252	10 18 4	5	NA	4	4
253	10 19 3	5	NA	4	5
254	10 20 2	5	NA	4	4
255	10 21 1	6	NA	5	5
256	11 1 20	6	NA	5	5
257	11 2 19	5	NA	4	5
258	11 3 18	5	NA	4	5
259	11 4 17	6	NA	5	5
260	11 5 16	6	NA	5	5
261	11 6 15	5	NA	4	5
262	11 7 14	6	NA	5	6
263	11 8 13	5	NA	4	5
264	11 9 12	5	NA	4	5
265	11 10 11	6	NA	5	6
266	11 11 10	6	NA	5	6
267	11 12 9	5	NA	4	5
268	11 13 8	5	NA	4	5
269	11 14 7	6	NA	5	6
270	11 15 6	5	NA	4	5
271	11 16 5	6	NA	5	5
272	11 17 4	6	NA	5	5
273	11 18 3	5	NA	4	5
274	11 19 2	5	NA	4	5
275	11 20 1	6	NA	5	5
276	12 1 19	6	NA	5	5
277	12 2 18	5	NA	4	4
278	12 3 17	6	NA	5	5
279	12 4 16	4	NA	3	3
280	12 5 15	5	NA	4	5
281	12 6 14	4	NA	3	4
282	12 7 13	6	NA	5	6
283	12 8 12	3	NA	2	3
284	12 9 11	5	NA	4	5
285	12 10 10	4	NA	3	4
286	12 11 9	5	NA	4	5
287	12 12 8	3	NA	2	3
288	12 13 7	6	NA	5	6
289	12 14 6	4	NA	3	4
290	12 15 5	5	NA	4	5
291	12 16 4	4	NA	3	3
292	12 17 3	6	NA	5	5
293	12 18 2	5	NA	4	4
294	12 19 1	6	NA	5	5
295	13 1 18	6	NA	5	5
296	13 2 17	6	NA	5	5
297	13 3 16	6	NA	5	5
298	13 4 15	5	NA	4	5
299	13 5 14	5	NA	4	5
300	13 6 13	6	NA	5	6
301	13 7 12	6	NA	5	6
302	13 8 11	5	NA	4	5
303	13 9 10	5	NA	4	5
304	13 10 9	5	NA	4	5
305	13 11 8	5	NA	4	5
306	13 12 7	6	NA	5	6
307	13 13 6	6	NA	5	6
308	13 14 5	5	NA	4	5
309	13 15 4	5	NA	4	5
310	13 16 3	6	NA	5	5
311	13 17 2	6	NA	5	5
312	13 18 1	6	NA	5	5
313	14 1 17	6	NA	5	5
314	14 2 16	5	NA	4	4
315	14 3 15	5	NA	4	6
316	14 4 14	5	NA	4	5
317	14 5 13	5	NA	4	5
318	14 6 12	4	NA	3	4
319	14 7 11	6	NA	5	6
320	14 8 10	4	NA	3	4
321	14 9 9	5	NA	4	5
322	14 10 8	4	NA	3	4
323	14 11 7	6	NA	5	6
324	14 12 6	4	NA	3	4
325	14 13 5	5	NA	4	5
326	14 14 4	5	NA	4	5
327	14 15 3	5	NA	4	6
328	14 16 2	5	NA	4	4
329	14 17 1	6	NA	5	5
330	15 1 16	6	NA	5	5
331	15 2 15	5	NA	4	6
332	15 3 14	5	NA	4	6
333	15 4 13	5	NA	4	5
334	15 5 12	5	NA	4	5
335	15 6 11	5	NA	4	5
336	15 7 10	7	NA	6	7
337	15 8 9	5	NA	4	5
338	15 9 8	5	NA	4	5
339	15 10 7	7	NA	6	7
340	15 11 6	5	NA	4	5
341	15 12 5	5	NA	4	5
342	15 13 4	5	NA	4	5
343	15 14 3	5	NA	4	6
344	15 15 2	5	NA	4	6
345	15 16 1	6	NA	5	5
346	16 1 15	6	NA	5	5
347	16 2 14	5	NA	4	4
348	16 3 13	6	NA	5	5
349	16 4 12	4	NA	3	3
350	16 5 11	6	NA	5	5
351	16 6 10	5	NA	4	4
352	16 7 9	6	NA	5	5
353	16 8 8	3	NA	2	2
354	16 9 7	6	NA	5	5
355	16 10 6	5	NA	4	4
356	16 11 5	6	NA	5	5
357	16 12 4	4	NA	3	3
358	16 13 3	6	NA	5	5
359	16 14 2	5	NA	4	4
360	16 15 1	6	NA	5	5
361	17 1 14	6	NA	5	5
362	17 2 13	6	NA	5	5
363	17 3 12	6	NA	5	5
364	17 4 11	6	NA	5	5
365	17 5 10	6	NA	5	5
366	17 6 9	6	NA	5	5
367	17 7 8	6	NA	5	5
368	17 8 7	6	NA	5	5
369	17 9 6	6	NA	5	5
370	17 10 5	6	NA	5	5
371	17 11 4	6	NA	5	5
372	17 12 3	6	NA	5	5
373	17 13 2	6	NA	5	5
374	17 14 1	6	NA	5	5
375	18 1 13	6	NA	5	5
376	18 2 12	5	NA	4	4
377	18 3 11	5	NA	4	5
378	18 4 10	5	NA	4	4
379	18 5 9	6	NA	5	5
380	18 6 8	5	NA	4	4
381	18 7 7	6	NA	5	6
382	18 8 6	5	NA	4	4
383	18 9 5	6	NA	5	5
384	18 10 4	5	NA	4	4
385	18 11 3	5	NA	4	5
386	18 12 2	5	NA	4	4
387	18 13 1	6	NA	5	5
388	19 1 12	6	NA	5	5
389	19 2 11	5	NA	4	5
390	19 3 10	5	NA	4	5
391	19 4 9	6	NA	5	5
392	19 5 8	6	NA	5	5
393	19 6 7	5	NA	4	5
394	19 7 6	5	NA	4	5
395	19 8 5	6	NA	5	5
396	19 9 4	6	NA	5	5
397	19 10 3	5	NA	4	5
398	19 11 2	5	NA	4	5
399	19 12 1	6	NA	5	5
400	20 1 11	6	NA	5	5
401	20 2 10	5	NA	4	4
402	20 3 9	6	NA	5	5
403	20 4 8	4	NA	3	3
404	20 5 7	5	NA	4	5
405	20 6 6	4	NA	3	4
406	20 7 5	5	NA	4	5
407	20 8 4	4	NA	3	3
408	20 9 3	6	NA	5	5
409	20 10 2	5	NA	4	4
410	20 11 1	6	NA	5	5
411	21 1 10	6	NA	5	5
412	21 2 9	6	NA	5	5
413	21 3 8	6	NA	5	5
414	21 4 7	5	NA	4	5
415	21 5 6	5	NA	4	5
416	21 6 5	5	NA	4	5
417	21 7 4	5	NA	4	5
418	21 8 3	6	NA	5	5
419	21 9 2	6	NA	5	5
420	21 10 1	6	NA	5	5
421	22 1 9	6	NA	5	5
422	22 2 8	5	NA	4	4
423	22 3 7	5	NA	4	5
424	22 4 6	4	NA	3	4
425	22 5 5	5	NA	4	5
426	22 6 4	4	NA	3	4
427	22 7 3	5	NA	4	5
428	22 8 2	5	NA	4	4
429	22 9 1	6	NA	5	5
430	23 1 8	6	NA	5	5
431	23 2 7	6	NA	5	6
432	23 3 6	5	NA	4	5
433	23 4 5	5	NA	4	5
434	23 5 4	5	NA	4	5
435	23 6 3	5	NA	4	5
436	23 7 2	6	NA	5	6
437	23 8 1	6	NA	5	5
438	24 1 7	6	NA	5	5
439	24 2 6	5	NA	4	4
440	24 3 5	6	NA	5	5
441	24 4 4	4	NA	3	3
442	24 5 3	6	NA	5	5
443	24 6 2	5	NA	4	4
444	24 7 1	6	NA	5	5
445	25 1 6	6	NA	5	5
446	25 2 5	6	NA	5	5
447	25 3 4	6	NA	5	5
448	25 4 3	6	NA	5	5
449	25 5 2	6	NA	5	5
450	25 6 1	6	NA	5	5
451	26 1 5	6	NA	5	5
452	26 2 4	5	NA	4	4
453	26 3 3	5	NA	4	5
454	26 4 2	5	NA	4	4
455	26 5 1	6	NA	5	5
456	27 1 4	6	NA	5	5
457	27 2 3	5	NA	4	5
458	27 3 2	5	NA	4	5
459	27 4 1	6	NA	5	5
460	28 1 3	6	NA	5	5
461	28 2 2	5	NA	4	4
462	28 3 1	6	NA	5	5
463	29 1 2	6	NA	5	5
464	29 2 1	6	NA	5	5
465	30 1 1	6	NA	5	5
