1	5 5 6	4	NA	3	4
2	5 5 6	4	NA	3	4
3	6 7 3	4	NA	3	4
4	4 6 6	3	NA	2	3
5	4 5 7	4	NA	3	4
6	4 5 7	4	NA	3	4
7	4 5 7	4	NA	3	4
8	3 4 9	5	NA	4	4
9	3 3 10	4	NA	3	4
10	4 4 8	3	NA	2	2
11	4 5 7	4	NA	3	4
12	3 3 10	4	NA	3	4
13	6 7 3	4	NA	3	4
14	3 3 10	4	NA	3	4
15	5 7 2 2	5	NA	4	5
16	4 6 6	3	NA	2	3
17	5 5 6	4	NA	3	4
18	7 5 4	4	NA	3	4
19	4 8 4	3	NA	2	2
20	7 5 4	4	NA	3	4
21	7 5 4	4	NA	3	4
22	2 6 8	4	NA	3	3
23	5 6 5	4	NA	3	4
24	5 6 5	4	NA	3	4
25	5 6 5	4	NA	3	4
26	5 6 5	4	NA	3	4
27	5 6 5	4	NA	3	4
28	5 6 5	4	NA	3	4
29	5 6 5	4	NA	3	4
30	5 6 5	4	NA	3	4
31	5 6 5	4	NA	3	4
32	3 4 9	5	NA	4	4
33	5 5 6	4	NA	3	4
34	3 4 9	5	NA	4	4
35	5 5 6	4	NA	3	4
36	4 7 5	4	NA	3	4
37	4 4 8	3	NA	2	2
38	4 5 7	4	NA	3	4
39	10 4 2	4	NA	3	3
