1	1:1:1:13	6	NA	5	5
2	1:1:2:12	5	NA	4	4
3	1:1:3:11	5	NA	4	5
4	1:1:4:10	5	NA	4	4
5	1:1:5:9	6	NA	5	5
6	1:1:6:8	5	NA	4	4
7	1:1:7:7	6	NA	5	6
8	1:1:8:6	5	NA	4	4
9	1:1:9:5	6	NA	5	5
10	1:1:10:4	5	NA	4	4
11	1:1:11:3	5	NA	4	5
12	1:1:12:2	5	NA	4	4
13	1:1:13:1	6	NA	5	5
14	1:2:1:12	5	NA	4	4
15	1:2:2:11	6	NA	5	5
16	1:2:3:10	6	NA	5	5
17	1:2:4:9	5	NA	4	4
18	1:2:5:8	5	NA	4	4
19	1:2:6:7	5	NA	4	5
20	1:2:7:6	5	NA	4	5
21	1:2:8:5	5	NA	4	4
22	1:2:9:4	5	NA	4	4
23	1:2:10:3	6	NA	5	5
24	1:2:11:2	6	NA	5	5
25	1:2:12:1	5	NA	4	4
26	1:3:1:11	5	NA	4	5
27	1:3:2:10	6	NA	5	5
28	1:3:3:9	5	NA	4	5
29	1:3:4:8	5	NA	4	4
30	1:3:5:7	6	NA	5	6
31	1:3:6:6	5	NA	4	5
32	1:3:7:5	6	NA	5	6
33	1:3:8:4	5	NA	4	4
34	1:3:9:3	5	NA	4	5
35	1:3:10:2	6	NA	5	5
36	1:3:11:1	5	NA	4	5
37	1:4:1:10	5	NA	4	4
38	1:4:2:9	5	NA	4	4
39	1:4:3:8	5	NA	4	4
40	1:4:4:7	6	NA	5	5
41	1:4:5:6	6	NA	5	5
42	1:4:6:5	6	NA	5	5
43	1:4:7:4	6	NA	5	5
44	1:4:8:3	5	NA	4	4
45	1:4:9:2	5	NA	4	4
46	1:4:10:1	5	NA	4	4
47	1:5:1:9	6	NA	5	5
48	1:5:2:8	5	NA	4	4
49	1:5:3:7	6	NA	5	6
50	1:5:4:6	6	NA	5	5
51	1:5:5:5	5	NA	4	5
52	1:5:6:4	6	NA	5	5
53	1:5:7:3	6	NA	5	6
54	1:5:8:2	5	NA	4	4
55	1:5:9:1	6	NA	5	5
56	1:6:1:8	5	NA	4	4
57	1:6:2:7	5	NA	4	5
58	1:6:3:6	5	NA	4	5
59	1:6:4:5	6	NA	5	5
60	1:6:5:4	6	NA	5	5
61	1:6:6:3	5	NA	4	5
62	1:6:7:2	5	NA	4	5
63	1:6:8:1	5	NA	4	4
64	1:7:1:7	6	NA	5	6
65	1:7:2:6	5	NA	4	5
66	1:7:3:5	6	NA	5	6
67	1:7:4:4	6	NA	5	5
68	1:7:5:3	6	NA	5	6
69	1:7:6:2	5	NA	4	5
70	1:7:7:1	6	NA	5	6
71	1:8:1:6	5	NA	4	4
72	1:8:2:5	5	NA	4	4
73	1:8:3:4	5	NA	4	4
74	1:8:4:3	5	NA	4	4
75	1:8:5:2	5	NA	4	4
76	1:8:6:1	5	NA	4	4
77	1:9:1:5	6	NA	5	5
78	1:9:2:4	5	NA	4	4
79	1:9:3:3	5	NA	4	5
80	1:9:4:2	5	NA	4	4
81	1:9:5:1	6	NA	5	5
82	1:10:1:4	5	NA	4	4
83	1:10:2:3	6	NA	5	5
84	1:10:3:2	6	NA	5	5
85	1:10:4:1	5	NA	4	4
86	1:11:1:3	5	NA	4	5
87	1:11:2:2	6	NA	5	5
88	1:11:3:1	5	NA	4	5
89	1:12:1:2	5	NA	4	4
90	1:12:2:1	5	NA	4	4
91	1:13:1:1	6	NA	5	5
92	2:1:1:12	5	NA	4	4
93	2:1:2:11	6	NA	5	5
94	2:1:3:10	6	NA	5	5
95	2:1:4:9	5	NA	4	4
96	2:1:5:8	5	NA	4	4
97	2:1:6:7	5	NA	4	5
98	2:1:7:6	5	NA	4	5
99	2:1:8:5	5	NA	4	4
100	2:1:9:4	5	NA	4	4
101	2:1:10:3	6	NA	5	5
102	2:1:11:2	6	NA	5	5
103	2:1:12:1	5	NA	4	4
104	2:2:1:11	6	NA	5	5
105	2:2:2:10	5	NA	4	4
106	2:2:3:9	6	NA	5	5
107	2:2:4:8	4	NA	3	3
108	2:2:5:7	5	NA	4	5
109	2:2:6:6	4	NA	3	4
110	2:2:7:5	5	NA	4	5
111	2:2:8:4	4	NA	3	3
112	2:2:9:3	6	NA	5	5
113	2:2:10:2	5	NA	4	4
114	2:2:11:1	6	NA	5	5
115	2:3:1:10	6	NA	5	5
116	2:3:2:9	6	NA	5	5
117	2:3:3:8	4	NA	3	4
118	2:3:4:7	5	NA	4	5
119	2:3:5:6	7	NA	6	6
120	2:3:6:5	7	NA	6	6
121	2:3:7:4	5	NA	4	5
122	2:3:8:3	4	NA	3	4
123	2:3:9:2	6	NA	5	5
124	2:3:10:1	6	NA	5	5
125	2:4:1:9	5	NA	4	4
126	2:4:2:8	4	NA	3	3
127	2:4:3:7	5	NA	4	5
128	2:4:4:6	5	NA	4	4
129	2:4:5:5	4	NA	3	4
130	2:4:6:4	5	NA	4	4
131	2:4:7:3	5	NA	4	5
132	2:4:8:2	4	NA	3	3
133	2:4:9:1	5	NA	4	4
134	2:5:1:8	5	NA	4	4
135	2:5:2:7	5	NA	4	5
136	2:5:3:6	7	NA	6	6
137	2:5:4:5	4	NA	3	4
138	2:5:5:4	4	NA	3	4
139	2:5:6:3	7	NA	6	6
140	2:5:7:2	5	NA	4	5
141	2:5:8:1	5	NA	4	4
142	2:6:1:7	5	NA	4	5
143	2:6:2:6	4	NA	3	4
144	2:6:3:5	7	NA	6	6
145	2:6:4:4	5	NA	4	4
146	2:6:5:3	7	NA	6	6
147	2:6:6:2	4	NA	3	4
148	2:6:7:1	5	NA	4	5
149	2:7:1:6	5	NA	4	5
150	2:7:2:5	5	NA	4	5
151	2:7:3:4	5	NA	4	5
152	2:7:4:3	5	NA	4	5
153	2:7:5:2	5	NA	4	5
154	2:7:6:1	5	NA	4	5
155	2:8:1:5	5	NA	4	4
156	2:8:2:4	4	NA	3	3
157	2:8:3:3	4	NA	3	4
158	2:8:4:2	4	NA	3	3
159	2:8:5:1	5	NA	4	4
160	2:9:1:4	5	NA	4	4
161	2:9:2:3	6	NA	5	5
162	2:9:3:2	6	NA	5	5
163	2:9:4:1	5	NA	4	4
164	2:10:1:3	6	NA	5	5
165	2:10:2:2	5	NA	4	4
166	2:10:3:1	6	NA	5	5
167	2:11:1:2	6	NA	5	5
168	2:11:2:1	6	NA	5	5
169	2:12:1:1	5	NA	4	4
170	3:1:1:11	5	NA	4	5
171	3:1:2:10	6	NA	5	5
172	3:1:3:9	5	NA	4	5
173	3:1:4:8	5	NA	4	4
174	3:1:5:7	6	NA	5	6
175	3:1:6:6	5	NA	4	5
176	3:1:7:5	6	NA	5	6
177	3:1:8:4	5	NA	4	4
178	3:1:9:3	5	NA	4	5
179	3:1:10:2	6	NA	5	5
180	3:1:11:1	5	NA	4	5
181	3:2:1:10	6	NA	5	5
182	3:2:2:9	6	NA	5	5
183	3:2:3:8	4	NA	3	4
184	3:2:4:7	5	NA	4	5
185	3:2:5:6	7	NA	6	6
186	3:2:6:5	7	NA	6	6
187	3:2:7:4	5	NA	4	5
188	3:2:8:3	4	NA	3	4
189	3:2:9:2	6	NA	5	5
190	3:2:10:1	6	NA	5	5
191	3:3:1:9	5	NA	4	5
192	3:3:2:8	4	NA	3	4
193	3:3:3:7	5	NA	4	5
194	3:3:4:6	4	NA	3	4
195	3:3:5:5	4	NA	3	5
196	3:3:6:4	4	NA	3	4
197	3:3:7:3	5	NA	4	5
198	3:3:8:2	4	NA	3	4
199	3:3:9:1	5	NA	4	5
200	3:4:1:8	5	NA	4	4
201	3:4:2:7	5	NA	4	5
202	3:4:3:6	4	NA	3	4
203	3:4:4:5	6	NA	5	5
204	3:4:5:4	6	NA	5	5
205	3:4:6:3	4	NA	3	4
206	3:4:7:2	5	NA	4	5
207	3:4:8:1	5	NA	4	4
208	3:5:1:7	6	NA	5	6
209	3:5:2:6	7	NA	6	6
210	3:5:3:5	4	NA	3	5
211	3:5:4:4	6	NA	5	5
212	3:5:5:3	4	NA	3	5
213	3:5:6:2	7	NA	6	6
214	3:5:7:1	6	NA	5	6
215	3:6:1:6	5	NA	4	5
216	3:6:2:5	7	NA	6	6
217	3:6:3:4	4	NA	3	4
218	3:6:4:3	4	NA	3	4
219	3:6:5:2	7	NA	6	6
220	3:6:6:1	5	NA	4	5
221	3:7:1:5	6	NA	5	6
222	3:7:2:4	5	NA	4	5
223	3:7:3:3	5	NA	4	5
224	3:7:4:2	5	NA	4	5
225	3:7:5:1	6	NA	5	6
226	3:8:1:4	5	NA	4	4
227	3:8:2:3	4	NA	3	4
228	3:8:3:2	4	NA	3	4
229	3:8:4:1	5	NA	4	4
230	3:9:1:3	5	NA	4	5
231	3:9:2:2	6	NA	5	5
232	3:9:3:1	5	NA	4	5
233	3:10:1:2	6	NA	5	5
234	3:10:2:1	6	NA	5	5
235	3:11:1:1	5	NA	4	5
236	4:1:1:10	5	NA	4	4
237	4:1:2:9	5	NA	4	4
238	4:1:3:8	5	NA	4	4
239	4:1:4:7	6	NA	5	5
240	4:1:5:6	6	NA	5	5
241	4:1:6:5	6	NA	5	5
242	4:1:7:4	6	NA	5	5
243	4:1:8:3	5	NA	4	4
244	4:1:9:2	5	NA	4	4
245	4:1:10:1	5	NA	4	4
246	4:2:1:9	5	NA	4	4
247	4:2:2:8	4	NA	3	3
248	4:2:3:7	5	NA	4	5
249	4:2:4:6	5	NA	4	4
250	4:2:5:5	4	NA	3	4
251	4:2:6:4	5	NA	4	4
252	4:2:7:3	5	NA	4	5
253	4:2:8:2	4	NA	3	3
254	4:2:9:1	5	NA	4	4
255	4:3:1:8	5	NA	4	4
256	4:3:2:7	5	NA	4	5
257	4:3:3:6	4	NA	3	4
258	4:3:4:5	6	NA	5	5
259	4:3:5:4	6	NA	5	5
260	4:3:6:3	4	NA	3	4
261	4:3:7:2	5	NA	4	5
262	4:3:8:1	5	NA	4	4
263	4:4:1:7	6	NA	5	5
264	4:4:2:6	5	NA	4	4
265	4:4:3:5	6	NA	5	5
266	4:4:4:4	4	NA	3	3
267	4:4:5:3	6	NA	5	5
268	4:4:6:2	5	NA	4	4
269	4:4:7:1	6	NA	5	5
270	4:5:1:6	6	NA	5	5
271	4:5:2:5	4	NA	3	4
272	4:5:3:4	6	NA	5	5
273	4:5:4:3	6	NA	5	5
274	4:5:5:2	4	NA	3	4
275	4:5:6:1	6	NA	5	5
276	4:6:1:5	6	NA	5	5
277	4:6:2:4	5	NA	4	4
278	4:6:3:3	4	NA	3	4
279	4:6:4:2	5	NA	4	4
280	4:6:5:1	6	NA	5	5
281	4:7:1:4	6	NA	5	5
282	4:7:2:3	5	NA	4	5
283	4:7:3:2	5	NA	4	5
284	4:7:4:1	6	NA	5	5
285	4:8:1:3	5	NA	4	4
286	4:8:2:2	4	NA	3	3
287	4:8:3:1	5	NA	4	4
288	4:9:1:2	5	NA	4	4
289	4:9:2:1	5	NA	4	4
290	4:10:1:1	5	NA	4	4
291	5:1:1:9	6	NA	5	5
292	5:1:2:8	5	NA	4	4
293	5:1:3:7	6	NA	5	6
294	5:1:4:6	6	NA	5	5
295	5:1:5:5	5	NA	4	5
296	5:1:6:4	6	NA	5	5
297	5:1:7:3	6	NA	5	6
298	5:1:8:2	5	NA	4	4
299	5:1:9:1	6	NA	5	5
300	5:2:1:8	5	NA	4	4
301	5:2:2:7	5	NA	4	5
302	5:2:3:6	7	NA	6	6
303	5:2:4:5	4	NA	3	4
304	5:2:5:4	4	NA	3	4
305	5:2:6:3	7	NA	6	6
306	5:2:7:2	5	NA	4	5
307	5:2:8:1	5	NA	4	4
308	5:3:1:7	6	NA	5	6
309	5:3:2:6	7	NA	6	6
310	5:3:3:5	4	NA	3	5
311	5:3:4:4	6	NA	5	5
312	5:3:5:3	4	NA	3	5
313	5:3:6:2	7	NA	6	6
314	5:3:7:1	6	NA	5	6
315	5:4:1:6	6	NA	5	5
316	5:4:2:5	4	NA	3	4
317	5:4:3:4	6	NA	5	5
318	5:4:4:3	6	NA	5	5
319	5:4:5:2	4	NA	3	4
320	5:4:6:1	6	NA	5	5
321	5:5:1:5	5	NA	4	5
322	5:5:2:4	4	NA	3	4
323	5:5:3:3	4	NA	3	5
324	5:5:4:2	4	NA	3	4
325	5:5:5:1	5	NA	4	5
326	5:6:1:4	6	NA	5	5
327	5:6:2:3	7	NA	6	6
328	5:6:3:2	7	NA	6	6
329	5:6:4:1	6	NA	5	5
330	5:7:1:3	6	NA	5	6
331	5:7:2:2	5	NA	4	5
332	5:7:3:1	6	NA	5	6
333	5:8:1:2	5	NA	4	4
334	5:8:2:1	5	NA	4	4
335	5:9:1:1	6	NA	5	5
336	6:1:1:8	5	NA	4	4
337	6:1:2:7	5	NA	4	5
338	6:1:3:6	5	NA	4	5
339	6:1:4:5	6	NA	5	5
340	6:1:5:4	6	NA	5	5
341	6:1:6:3	5	NA	4	5
342	6:1:7:2	5	NA	4	5
343	6:1:8:1	5	NA	4	4
344	6:2:1:7	5	NA	4	5
345	6:2:2:6	4	NA	3	4
346	6:2:3:5	7	NA	6	6
347	6:2:4:4	5	NA	4	4
348	6:2:5:3	7	NA	6	6
349	6:2:6:2	4	NA	3	4
350	6:2:7:1	5	NA	4	5
351	6:3:1:6	5	NA	4	5
352	6:3:2:5	7	NA	6	6
353	6:3:3:4	4	NA	3	4
354	6:3:4:3	4	NA	3	4
355	6:3:5:2	7	NA	6	6
356	6:3:6:1	5	NA	4	5
357	6:4:1:5	6	NA	5	5
358	6:4:2:4	5	NA	4	4
359	6:4:3:3	4	NA	3	4
360	6:4:4:2	5	NA	4	4
361	6:4:5:1	6	NA	5	5
362	6:5:1:4	6	NA	5	5
363	6:5:2:3	7	NA	6	6
364	6:5:3:2	7	NA	6	6
365	6:5:4:1	6	NA	5	5
366	6:6:1:3	5	NA	4	5
367	6:6:2:2	4	NA	3	4
368	6:6:3:1	5	NA	4	5
369	6:7:1:2	5	NA	4	5
370	6:7:2:1	5	NA	4	5
371	6:8:1:1	5	NA	4	4
372	7:1:1:7	6	NA	5	6
373	7:1:2:6	5	NA	4	5
374	7:1:3:5	6	NA	5	6
375	7:1:4:4	6	NA	5	5
376	7:1:5:3	6	NA	5	6
377	7:1:6:2	5	NA	4	5
378	7:1:7:1	6	NA	5	6
379	7:2:1:6	5	NA	4	5
380	7:2:2:5	5	NA	4	5
381	7:2:3:4	5	NA	4	5
382	7:2:4:3	5	NA	4	5
383	7:2:5:2	5	NA	4	5
384	7:2:6:1	5	NA	4	5
385	7:3:1:5	6	NA	5	6
386	7:3:2:4	5	NA	4	5
387	7:3:3:3	5	NA	4	5
388	7:3:4:2	5	NA	4	5
389	7:3:5:1	6	NA	5	6
390	7:4:1:4	6	NA	5	5
391	7:4:2:3	5	NA	4	5
392	7:4:3:2	5	NA	4	5
393	7:4:4:1	6	NA	5	5
394	7:5:1:3	6	NA	5	6
395	7:5:2:2	5	NA	4	5
396	7:5:3:1	6	NA	5	6
397	7:6:1:2	5	NA	4	5
398	7:6:2:1	5	NA	4	5
399	7:7:1:1	6	NA	5	6
400	8:1:1:6	5	NA	4	4
401	8:1:2:5	5	NA	4	4
402	8:1:3:4	5	NA	4	4
403	8:1:4:3	5	NA	4	4
404	8:1:5:2	5	NA	4	4
405	8:1:6:1	5	NA	4	4
406	8:2:1:5	5	NA	4	4
407	8:2:2:4	4	NA	3	3
408	8:2:3:3	4	NA	3	4
409	8:2:4:2	4	NA	3	3
410	8:2:5:1	5	NA	4	4
411	8:3:1:4	5	NA	4	4
412	8:3:2:3	4	NA	3	4
413	8:3:3:2	4	NA	3	4
414	8:3:4:1	5	NA	4	4
415	8:4:1:3	5	NA	4	4
416	8:4:2:2	4	NA	3	3
417	8:4:3:1	5	NA	4	4
418	8:5:1:2	5	NA	4	4
419	8:5:2:1	5	NA	4	4
420	8:6:1:1	5	NA	4	4
421	9:1:1:5	6	NA	5	5
422	9:1:2:4	5	NA	4	4
423	9:1:3:3	5	NA	4	5
424	9:1:4:2	5	NA	4	4
425	9:1:5:1	6	NA	5	5
426	9:2:1:4	5	NA	4	4
427	9:2:2:3	6	NA	5	5
428	9:2:3:2	6	NA	5	5
429	9:2:4:1	5	NA	4	4
430	9:3:1:3	5	NA	4	5
431	9:3:2:2	6	NA	5	5
432	9:3:3:1	5	NA	4	5
433	9:4:1:2	5	NA	4	4
434	9:4:2:1	5	NA	4	4
435	9:5:1:1	6	NA	5	5
436	10:1:1:4	5	NA	4	4
437	10:1:2:3	6	NA	5	5
438	10:1:3:2	6	NA	5	5
439	10:1:4:1	5	NA	4	4
440	10:2:1:3	6	NA	5	5
441	10:2:2:2	5	NA	4	4
442	10:2:3:1	6	NA	5	5
443	10:3:1:2	6	NA	5	5
444	10:3:2:1	6	NA	5	5
445	10:4:1:1	5	NA	4	4
446	11:1:1:3	5	NA	4	5
447	11:1:2:2	6	NA	5	5
448	11:1:3:1	5	NA	4	5
449	11:2:1:2	6	NA	5	5
450	11:2:2:1	6	NA	5	5
451	11:3:1:1	5	NA	4	5
452	12:1:1:2	5	NA	4	4
453	12:1:2:1	5	NA	4	4
454	12:2:1:1	5	NA	4	4
455	13:1:1:1	6	NA	5	5
