1	6 5 5	8	NA	6	7
2	5 6 5	8	NA	6	7
3	8 4 4	5	NA	3	4
4	5 5 6	8	NA	6	7
5	4 4 8	5	NA	3	4
6	4 5 7	8	NA	6	7
7	4 5 7	8	NA	6	7
8	3 2 11	7	NA	5	6
9	4 5 7	8	NA	6	7
10	10 4 2	5	NA	3	4
11	10 5 1	5	NA	3	4
12	10 5 1	5	NA	3	4
13	10 5 1	5	NA	3	4
14	4 5 7	8	NA	6	7
15	8 6 2	5	NA	3	4
16	4 5 7	8	NA	6	7
17	3 6 7	8	NA	6	7
18	3 7 6	8	NA	6	7
19	3 7 6	8	NA	6	7
20	3 7 6	8	NA	6	7
21	7 5 4	8	NA	6	7
22	3 7 6	8	NA	6	7
23	7 5 4	8	NA	6	7
24	4 5 7	8	NA	6	7
25	5 7 4	8	NA	6	7
26	7 5 4	8	NA	6	7
27	1 4 3	4	NA	2	3
28	5 7 4	8	NA	6	7
29	5 4 7	8	NA	6	7
30	1 2 13	5	NA	3	4
31	3 7 6	8	NA	6	7
32	4 8 4	5	NA	3	4
33	4 7 5	8	NA	6	7
34	5 6 5	8	NA	6	7
