1	1:1:14	5	NA	3	4
2	1:2:13	5	NA	3	4
3	1:3:12	5	NA	3	4
4	1:4:11	5	NA	3	4
5	1:5:10	5	NA	3	4
6	1:6:9	5	NA	3	4
7	1:7:8	5	NA	3	4
8	1:8:7	5	NA	3	4
9	1:9:6	5	NA	3	4
10	1:10:5	5	NA	3	4
11	1:11:4	5	NA	3	4
12	1:12:3	5	NA	3	4
13	1:13:2	5	NA	3	4
14	1:14:1	5	NA	3	4
15	2:1:13	5	NA	3	4
16	2:2:12	5	NA	3	4
17	2:3:11	7	NA	5	6
18	2:4:10	5	NA	3	4
19	2:5:9	5	NA	3	4
20	2:6:8	5	NA	3	4
21	2:7:7	8	NA	6	7
22	2:8:6	5	NA	3	4
23	2:9:5	5	NA	3	4
24	2:10:4	5	NA	3	4
25	2:11:3	7	NA	5	6
26	2:12:2	5	NA	3	4
27	2:13:1	5	NA	3	4
28	3:1:12	5	NA	3	4
29	3:2:11	7	NA	5	6
30	3:3:10	7	NA	5	6
31	3:4:9	5	NA	3	4
32	3:5:8	5	NA	3	4
33	3:6:7	8	NA	6	7
34	3:7:6	8	NA	6	7
35	3:8:5	5	NA	3	4
36	3:9:4	5	NA	3	4
37	3:10:3	7	NA	5	6
38	3:11:2	7	NA	5	6
39	3:12:1	5	NA	3	4
40	4:1:11	5	NA	3	4
41	4:2:10	5	NA	3	4
42	4:3:9	5	NA	3	4
43	4:4:8	5	NA	3	4
44	4:5:7	8	NA	6	7
45	4:6:6	8	NA	6	7
46	4:7:5	8	NA	6	7
47	4:8:4	5	NA	3	4
48	4:9:3	5	NA	3	4
49	4:10:2	5	NA	3	4
50	4:11:1	5	NA	3	4
51	5:1:10	5	NA	3	4
52	5:2:9	5	NA	3	4
53	5:3:8	5	NA	3	4
54	5:4:7	8	NA	6	7
55	5:5:6	8	NA	6	7
56	5:6:5	8	NA	6	7
57	5:7:4	8	NA	6	7
58	5:8:3	5	NA	3	4
59	5:9:2	5	NA	3	4
60	5:10:1	5	NA	3	4
61	6:1:9	5	NA	3	4
62	6:2:8	5	NA	3	4
63	6:3:7	8	NA	6	7
64	6:4:6	8	NA	6	7
65	6:5:5	8	NA	6	7
66	6:6:4	8	NA	6	7
67	6:7:3	8	NA	6	7
68	6:8:2	5	NA	3	4
69	6:9:1	5	NA	3	4
70	7:1:8	5	NA	3	4
71	7:2:7	8	NA	6	7
72	7:3:6	8	NA	6	7
73	7:4:5	8	NA	6	7
74	7:5:4	8	NA	6	7
75	7:6:3	8	NA	6	7
76	7:7:2	8	NA	6	7
77	7:8:1	5	NA	3	4
78	8:1:7	5	NA	3	4
79	8:2:6	5	NA	3	4
80	8:3:5	5	NA	3	4
81	8:4:4	5	NA	3	4
82	8:5:3	5	NA	3	4
83	8:6:2	5	NA	3	4
84	8:7:1	5	NA	3	4
85	9:1:6	5	NA	3	4
86	9:2:5	5	NA	3	4
87	9:3:4	5	NA	3	4
88	9:4:3	5	NA	3	4
89	9:5:2	5	NA	3	4
90	9:6:1	5	NA	3	4
91	10:1:5	5	NA	3	4
92	10:2:4	5	NA	3	4
93	10:3:3	7	NA	5	6
94	10:4:2	5	NA	3	4
95	10:5:1	5	NA	3	4
96	11:1:4	5	NA	3	4
97	11:2:3	7	NA	5	6
98	11:3:2	7	NA	5	6
99	11:4:1	5	NA	3	4
100	12:1:3	5	NA	3	4
101	12:2:2	5	NA	3	4
102	12:3:1	5	NA	3	4
103	13:1:2	5	NA	3	4
104	13:2:1	5	NA	3	4
105	14:1:1	5	NA	3	4
