1	1:1:14	3	NA	1	2
2	1:2:13	3	NA	1	2
3	1:3:12	3	NA	1	2
4	1:4:11	3	NA	1	2
5	1:5:10	3	NA	1	2
6	1:6:9	3	NA	1	2
7	1:7:8	3	NA	1	2
8	1:8:7	3	NA	1	2
9	1:9:6	3	NA	1	2
10	1:10:5	3	NA	1	2
11	1:11:4	3	NA	1	2
12	1:12:3	3	NA	1	2
13	1:13:2	3	NA	1	2
14	1:14:1	3	NA	1	2
15	2:1:13	3	NA	1	2
16	1:1:6	3	NA	1	2
17	2:3:11	5	NA	0	1
18	1:2:5	3	NA	1	2
19	2:5:9	3	NA	1	2
20	1:3:4	3	NA	1	2
21	2:7:7	5	NA	0	1
22	1:4:3	3	NA	1	2
23	2:9:5	3	NA	1	2
24	1:5:2	3	NA	1	2
25	2:11:3	5	NA	0	1
26	1:6:1	3	NA	1	2
27	2:13:1	3	NA	1	2
28	3:1:12	3	NA	1	2
29	3:2:11	5	NA	0	1
30	3:3:10	5	NA	0	1
31	3:4:9	3	NA	1	2
32	3:5:8	3	NA	1	2
33	3:6:7	5	NA	0	1
34	3:7:6	5	NA	0	1
35	3:8:5	3	NA	1	2
36	3:9:4	3	NA	1	2
37	3:10:3	5	NA	0	1
38	3:11:2	5	NA	0	1
39	3:12:1	3	NA	1	2
40	4:1:11	3	NA	1	2
41	2:1:5	3	NA	1	2
42	4:3:9	3	NA	1	2
43	1:1:2	3	NA	1	2
44	4:5:7	3	NA	1	2
45	2:3:3	5	NA	0	1
46	4:7:5	3	NA	1	2
47	1:2:1	3	NA	1	2
48	4:9:3	3	NA	1	2
49	2:5:1	3	NA	1	2
50	4:11:1	3	NA	1	2
51	5:1:10	3	NA	1	2
52	5:2:9	3	NA	1	2
53	5:3:8	3	NA	1	2
54	5:4:7	3	NA	1	2
55	5:5:6	3	NA	1	2
56	5:6:5	3	NA	1	2
57	5:7:4	3	NA	1	2
58	5:8:3	3	NA	1	2
59	5:9:2	3	NA	1	2
60	5:10:1	3	NA	1	2
61	6:1:9	3	NA	1	2
62	3:1:4	3	NA	1	2
63	6:3:7	5	NA	0	1
64	3:2:3	5	NA	0	1
65	6:5:5	3	NA	1	2
66	3:3:2	5	NA	0	1
67	6:7:3	5	NA	0	1
68	3:4:1	3	NA	1	2
69	6:9:1	3	NA	1	2
70	7:1:8	3	NA	1	2
71	7:2:7	5	NA	0	1
72	7:3:6	5	NA	0	1
73	7:4:5	3	NA	1	2
74	7:5:4	3	NA	1	2
75	7:6:3	5	NA	0	1
76	7:7:2	5	NA	0	1
77	7:8:1	3	NA	1	2
78	8:1:7	3	NA	1	2
79	4:1:3	3	NA	1	2
80	8:3:5	3	NA	1	2
81	2:1:1	3	NA	1	2
82	8:5:3	3	NA	1	2
83	4:3:1	3	NA	1	2
84	8:7:1	3	NA	1	2
85	9:1:6	3	NA	1	2
86	9:2:5	3	NA	1	2
87	9:3:4	3	NA	1	2
88	9:4:3	3	NA	1	2
89	9:5:2	3	NA	1	2
90	9:6:1	3	NA	1	2
91	10:1:5	3	NA	1	2
92	5:1:2	3	NA	1	2
93	10:3:3	5	NA	0	1
94	5:2:1	3	NA	1	2
95	10:5:1	3	NA	1	2
96	11:1:4	3	NA	1	2
97	11:2:3	5	NA	0	1
98	11:3:2	5	NA	0	1
99	11:4:1	3	NA	1	2
100	12:1:3	3	NA	1	2
101	6:1:1	3	NA	1	2
102	12:3:1	3	NA	1	2
103	13:1:2	3	NA	1	2
104	13:2:1	3	NA	1	2
105	14:1:1	3	NA	1	2
